        66
        66
        66
       132
       132
         8
         8
        16
        16
        33
        33
        67
        67
       134
       134
        12
        12
        25
        25
        51
        51
       102
       102
       204
       204
       152
       152
        48
        48
        96
        96
       193
       193
       131
       131
         7
         7
        15
        15
        31
        31
        62
        62
       125
       125
       251
       251
       247
       247
       238
       238
       221
       221
